455844
963334
1350725
1679224
1752775
47022827
47078200
47166699
47458412
47496276
47627937
47632124
47683729
47742082
47773585
47790364
47861842
47882386
47925019
48101402
48156690
48211190
48226578
48298473
48357698
48370919
48419519
48433766
48587584
48631694
48683694
48693522
48976059
49019451
49068980
49180831
49265635
49362205
49398091
49477452
49526070
49554644
49577006
49640301
49669593
49725963
49800461
49987328
50202591
50293282
50359503
50387575
50712825
50787134
50803341
50890918
50968899
51173683
51250574
51276352
51333782
51383625
51700431
51703127
51705977
51706268
51709829
51710106
52394746
52476343
52523631
52682865
52835217
53274263
53388536
53472106
53533378
54520333
54612491
55742596
37994802
41595648
39380686
14077494
39553588
23700764
41973235
38469721
11720785
27287795
42943149
27175332
28713972
94267276
25965247
42509043
13133812
33798437
30328588
35498488
40278515
14653359
12823553
11078360
43026499
38954438
43874018
37475764
16256208
33168977
31789371
12663108
29239301
36974710
41046183
94493120
38987366
29399835
16814082
36853234
41542039
14384536
12987102
43512037
26866928
41451076
39100565
29375525
45676615
41063596
23239595
40892645
94592592
46701006
24058403
44713064
25172900
38293758
31763777
40865801
12780037
14465061
43163741
38663673
16240262
40226831
12079534
39607950
26655297
5434846
14698349
41546712
43876778
33743640
26543339
43881165
44900141
27930338
94062919
43461992
40564641
44149341
43235060
38858312
40519451
41663980
34645558
45147306
28882417
14950304
38617221
37779173
30712429
41392561
44849608
29623936
44796308
31910789
30094326
38678924
13950504
41792708
34227945
40639375
40497023
33752697
27203358
93678780
34492986
40639133
43450849
30416322
16919887
43931691
36973369
34773124
35222494
43327463
32336044
12403728
39992387
38368597
39337123
12697670
25959058
40366675
12976903
37530020
41210511
41875705
34533647
39633672
31081755
41392188
35739915
33028406
33022260
40584801
26450133
44997611
30531166
37009910
43666857
35575841
11376374
28230460
24118887
6262122
17849844
36225730
94225805
23166262
32431806
43815070
26056100
35104581
33650710
35645010
29750603
39289240
24228587
44022858
33362920
12584192
93077293
40306184
12745340
41041147
43032075
33696376
93850290
14154074
41299842
34050239
30723599
43844736
45845938
43224219
45302530
42855836
44195474
94472396
38802948
23391240
41723313
43869148
43169643
94237367
44318424
31928430
41136360
13538987
17812784
38265765
38373097
40148423
24199167
14934474
10988676
43943698
27026851
35238378
40268890
33477517
40376026
23057735
43186283
46202679
36647560
40859162
40326079
43178477
10400384
27390268
94683834
26625360
43874923
30909144
39644478
27257005
455844
963334
1752775
47022827
455844
47458412
47790364
47882386
48357698
48419519
48631694
49180831
49362205
49554644
49725963
49987328
455844
47496276
47882386
48156690
48587584
49180831
49362205
49640301
49669593
50787134
51250574
51276352
52835217
53274263
14077494
39553588
41973235
11720785
27287795
42943149
25965247
14653359
38954438
43874018
16256208
33168977
31789371
12663108
38987366
36853234
12987102
41451076
45676615
40892645
43163741
12079534
27930338
94062919
40564641
44149341
45147306
28882417
37779173
29623936
13950504
40497023
93678780
34492986
40639133
36973369
34773124
12403728
39992387
40366675
12976903
41392188
35739915
33022260
26450133
30531166
43666857
24118887
6262122
17849844
36225730
94225805
23166262
33650710
35645010
39289240
24228587
33362920
12584192
93077293
12745340
43032075
33696376
93850290
42855836
23391240
43869148
44318424
38373097
35238378
33477517
43186283
46202679
40326079
94683834
43874923
27257005
49180831
49640301
27287795
38987366
40892645
34773124
43666857
94225805
23391240
33477517
40892645
33477517
